90272
90331
90283
90282
90124
90266
90245
90244
90133
90303
90186
90273
90444
90421
90064
90327
90001
90419
90353
90152
90346
90133
90020
90367
90227
90270
89974
90326
90278
90268
90159
90193
90261
90045
90116
90178
90454
90291
90043
90255
90138
90054
90030
90114
90414
90419
90034
90055
90206
90000
90173
90474
90327
90432
90412
90273
90080
90159
90343
90065
90125
90343
90184
90007
89991
90441
90143
90227
90497
90112
90352
90051
90047
90228
90098
90187
90028
90121
90123
90201
90013
90383
90159
90284
90367
90057
90394
90323
90487
90448
90339
90129
90046
90074
90014
90405
90400
90397
90434
90377
